30 50 3 100
0 dc01 14750 0
1 dc02 14751 0
2 dc03 14752 1
3 dc04 14753 2
4 dc05 14754 3
5 dc06 14755 4
6 dc07 14756 5
7 dc08 14757 6
8 dc09 14758 7
9 dc10 14759 8
10 dc11 14760 9
11 dc12 14761 10
12 dc13 14762 11
13 dc14 14763 12
14 dc15 14764 13
15 dc16 14765 14
16 dc17 14766 15
17 dc18 14767 16
18 dc19 14768 17
19 dc20 14769 18
20 dc21 14770 19
21 dc22 14771 20
22 dc23 14772 21
23 dc24 14773 22
24 dc25 14774 23
25 dc26 14775 24
26 dc27 14776 25
27 dc28 14777 26
28 dc29 14778 27
29 dc30 14779 28
