45 50 3 100
0 dc01 14700 0
1 dc02 14701 0
2 dc03 14702 0
3 dc04 14703 0
4 dc05 14704 0
5 dc06 14705 0
6 dc07 14706 0
7 dc08 14707 0
8 dc09 14708 0
9 dc10 14709 0
10 dc11 14710 0
11 dc12 14711 0
12 dc13 14712 0
13 dc14 14713 0
14 dc15 14714 0
15 dc16 14715 0
16 dc17 14716 0
17 dc18 14717 0
18 dc19 14718 0
19 dc20 14719 0
20 dc21 14720 0
21 dc22 14721 0
22 dc23 14722 0
23 dc24 14723 0
24 dc25 14724 0
25 dc26 14725 0
26 dc27 14726 0
27 dc28 14727 0
28 dc29 14728 0
29 dc30 14729 0
30 dc31 14730 0
31 dc32 14731 0
32 dc33 14732 0
33 dc34 14733 0
34 dc35 14734 0
35 dc36 14735 0
36 dc37 14736 0
37 dc38 14737 0
38 dc39 14738 0
39 dc40 14739 0
40 dc41 14740 0
41 dc42 14741 0
42 dc43 14742 0
43 dc44 14743 0
44 dc45 14744 0
