31 200 66 50
0 dc01 14750 0
1 dc02 14751 0
2 dc03 14752 0
3 dc04 14753 1
4 dc05 14754 1
5 dc06 14755 2
6 dc07 14756 2
7 dc08 14757 3
8 dc09 14758 3
9 dc10 14759 4
10 dc11 14760 4
11 dc12 14761 5
12 dc13 14762 5
13 dc14 14763 6
14 dc15 14764 6
15 dc16 14765 7
16 dc17 14766 7
17 dc18 14767 8
18 dc19 14768 8
19 dc20 14769 9
20 dc21 14770 9
21 dc22 14771 10
22 dc23 14772 10
23 dc24 14773 11
24 dc25 14774 11
25 dc26 14775 12
26 dc27 14776 12
27 dc28 14777 13
28 dc29 14778 13
29 dc30 14779 14
30 dc31 14780 14
